1627537955809 3.5190792083740234 999
1627538018278 3.8533153533935547 1999
1627538083139 3.1205403010050454 2999
1627538150079 4.644424862331814 3999
1627538211957 2.987165927886963 4999
1627538274556 4.346779823303223 5999
1627538335954 5.11082282433143 6999
1627538397839 4.17470645904541 7999
1627538459482 5.309625244140625 8999
1627538521064 5.087602233886718 9999
1627538582870 1.092069435119629 10999
1627538644316 1.2360100064958846 11999
1627538705535 1.2467329978942872 12999
1627538768208 2.400189018249512 13999
1627538831016 0.9465192556381226 14999
1627538894318 3.108342488606771 15999
1627538956391 3.156862112192007 16999
1627539020146 0.6290499823434013 17999
1627539083682 2.9298280080159507 18999
1627539147279 1.751771486722506 19999
1627539210360 2.276608467102051 20999
1627539273073 2.1110051472981772 21999
1627539337100 1.3488038380940754 22999
1627539400193 0.855802345275879 23999
1627539463555 0.46794441768101286 24999
1627539527669 0.23846709728240967 25999
1627539590761 0.3454095125198364 26999
1627539654524 0.1707918102091009 27999
1627539719970 2.27136492729187 28999
1627539783410 0.8292507444109235 29999
1627539849035 0.7623705863952637 30999
1627539915949 0.23457190990447999 31999
1627539983932 1.298063039779663 32999
1627540048106 0.11467060777876112 33999
1627540118139 0.24640745586819118 34999
1627540186258 0.3839606505173903 35999
1627540250625 0.7355494499206543 36999
1627540320740 0.23252131722190164 37999
1627540387324 0.4790898859500885 38999
1627540451128 1.7137301762898762 39999
1627540514722 0.09444912842341832 40999
1627540582454 0.2233361005783081 41999
1627540649582 1.510203242301941 42999
1627540718285 0.20602880583869088 43999
1627540786983 1.421920923086313 44999
1627540857464 0.812831825680203 45999
1627540926525 0.07746295630931854 46999
1627540994687 0.07928173882620675 47999
1627541062817 0.27889413833618165 48999
1627541130859 0.11634047826131184 49999
1627541197696 2.6162052154541016 50999
1627541265499 1.2220540046691895 51999
1627541331897 0.11484621630774604 52999
1627541396642 4.00771427154541 53999
